1 1 -0.33985
1 4 -0.323876
1 6 0.392198
1 9 1.97994
1 11 -0.33823
1 12 -0.323876
1 13 -0.33985
1 15 -0.33985
1 19 -0.323876
1 20 0.392198
1 26 0.392198
1 27 -0.323876
1 31 -0.323876
1 32 1.97994
1 35 -0.33823
1 36 1.97994
1 38 -0.33823
1 39 1.97994
1 40 -0.33985
1 45 -0.323876
1 52 -0.33823
1 55 -0.323876
1 56 -0.323876
1 61 -0.33985
1 64 -0.33985
1 66 -0.323876
1 70 -0.323876
1 79 0.392198
1 80 -0.323876
1 82 1.97994
1 83 1.97994
1 84 0.392198
1 85 1.97994
1 92 1.97994
1 93 -0.33823
1 94 -0.33823
1 106 -0.33823
1 108 -0.33985
1 112 0.392198
1 114 1.97994
1 115 0.392198
1 128 -0.33985
1 133 1.97994
1 136 -0.323876
1 139 -0.323876
1 140 0.392198
1 143 -0.33985
1 145 -0.33823
1 147 1.97994
1 149 1.97994
1 150 -0.33985
1 152 -0.33823
1 153 -0.323876
1 154 -0.33823
1 159 1.97994
1 162 -0.323876
1 166 -0.323876
1 167 -0.323876
1 168 1.97994
1 174 1.97994
1 175 -0.323876

2 1 0.16265
2 3 -0.161463
2 4 2.21486
2 5 -0.407268
2 6 0.814889
2 7 -0.136758
2 8 -0.487665
2 9 0.223611
2 10 -0.488936
2 12 2.21486
2 13 0.16265
2 14 -0.133025
2 15 0.16265
2 16 -0.177918
2 17 -0.177918
2 18 -0.133025
2 19 2.21486
2 20 0.814889
2 21 -0.136758
2 22 -0.177918
2 23 -0.407268
2 24 -0.136758
2 25 -0.259562
2 26 0.814889
2 27 2.21486
2 28 -0.488936
2 29 -0.177918
2 30 0.324651
2 31 2.21486
2 32 0.223611
2 33 -0.161463
2 36 0.223611
2 37 -0.488936
2 39 0.223611
2 40 0.16265
2 41 0.324651
2 42 0.324651
2 44 -0.161463
2 45 2.21486
2 46 -0.259562
2 47 -0.161463
2 48 -0.259562
2 49 -0.133025
2 50 -0.177918
2 51 -0.407268
2 53 -0.177918
2 54 -0.177918
2 55 2.21486
2 56 2.21486
2 57 -0.177918
2 60 -0.487665
2 61 0.16265
2 63 -0.136758
2 64 0.16265
2 66 2.21486
2 67 0.324651
2 68 -0.136758
2 69 -0.407268
2 70 2.21486
2 71 -0.136758
2 72 0.324651
2 73 -0.161463
2 74 -0.259562
2 75 -0.487665
2 76 -0.177918
2 77 -0.136758
2 78 -0.487665
2 79 0.814889
2 80 2.21486
2 81 0.324651
2 82 0.223611
2 83 0.223611
2 84 0.814889
2 85 0.223611
2 86 -0.488936
2 87 -0.161463
2 88 -0.177918
2 89 -0.407268
2 90 0.324651
2 91 -0.259562
2 92 0.223611
2 95 -0.136758
2 96 -0.136758
2 97 -0.407268
2 98 -0.136758
2 99 -0.177918
2 100 -0.407268
2 101 -0.133025
2 102 -0.487665
2 104 -0.407268
2 105 -0.488936
2 107 -0.133025
2 108 0.16265
2 109 -0.487665
2 110 -0.259562
2 112 0.814889
2 113 -0.136758
2 114 0.223611
2 115 0.814889
2 116 -0.488936
2 118 -0.407268
2 119 -0.487665
2 120 -0.161463
2 121 0.324651
2 122 -0.136758
2 123 -0.133025
2 124 -0.177918
2 125 -0.136758
2 126 -0.487665
2 128 0.16265
2 130 -0.487665
2 132 -0.133025
2 133 0.223611
2 134 -0.488936
2 135 -0.487665
2 136 2.21486
2 137 -0.177918
2 138 -0.161463
2 139 2.21486
2 140 0.814889
2 141 -0.161463
2 142 -0.177918
2 143 0.16265
2 144 -0.133025
2 147 0.223611
2 148 -0.177918
2 149 0.223611
2 150 0.16265
2 151 -0.161463
2 153 2.21486
2 155 -0.136758
2 157 0.0574855
2 158 -0.133025
2 159 0.223611
2 160 -0.407268
2 161 -0.133025
2 162 2.21486
2 163 -0.488936
2 164 0.324651
2 165 -0.136758
2 166 2.21486
2 167 2.21486
2 168 0.223611
2 169 -0.488936
2 170 -0.177918
2 171 -0.177918
2 172 -0.259562
2 173 -0.259562
2 174 0.223611
2 175 2.21486
2 176 -0.161463
2 177 0.324651

3 1 0.16265
3 3 -0.161463
3 4 2.21486
3 5 -0.407268
3 6 0.814889
3 7 -0.136758
3 8 -0.487665
3 9 0.223611
3 10 -0.488936
3 12 2.21486
3 13 0.16265
3 14 -0.133025
3 15 0.16265
3 16 -0.177918
3 17 -0.177918
3 18 -0.133025
3 19 2.21486
3 20 0.814889
3 21 -0.136758
3 22 -0.177918
3 23 -0.407268
3 24 -0.136758
3 25 -0.259562
3 26 0.814889
3 27 2.21486
3 28 -0.488936
3 29 -0.177918
3 30 0.324651
3 31 2.21486
3 32 0.223611
3 33 -0.161463
3 36 0.223611
3 37 -0.488936
3 39 0.223611
3 40 0.16265
3 41 0.324651
3 42 0.324651
3 44 -0.161463
3 45 2.21486
3 46 -0.259562
3 47 -0.161463
3 48 -0.259562
3 49 -0.133025
3 50 -0.177918
3 51 -0.407268
3 53 -0.177918
3 54 -0.177918
3 55 2.21486
3 56 2.21486
3 57 -0.177918
3 60 -0.487665
3 61 0.16265
3 63 -0.136758
3 64 0.16265
3 66 2.21486
3 67 0.324651
3 68 -0.136758
3 69 -0.407268
3 70 2.21486
3 71 -0.136758
3 72 0.324651
3 73 -0.161463
3 74 -0.259562
3 75 -0.487665
3 76 -0.177918
3 77 -0.136758
3 78 -0.487665
3 79 0.814889
3 80 2.21486
3 81 0.324651
3 82 0.223611
3 83 0.223611
3 84 0.814889
3 85 0.223611
3 86 -0.488936
3 87 -0.161463
3 88 -0.177918
3 89 -0.407268
3 90 0.324651
3 91 -0.259562
3 92 0.223611
3 95 -0.136758
3 96 -0.136758
3 97 -0.407268
3 98 -0.136758
3 99 -0.177918
3 100 -0.407268
3 101 -0.133025
3 102 -0.487665
3 104 -0.407268
3 105 -0.488936
3 107 -0.133025
3 108 0.16265
3 109 -0.487665
3 110 -0.259562
3 112 0.814889
3 113 -0.136758
3 114 0.223611
3 115 0.814889
3 116 -0.488936
3 118 -0.407268
3 119 -0.487665
3 120 -0.161463
3 121 0.324651
3 122 -0.136758
3 123 -0.133025
3 124 -0.177918
3 125 -0.136758
3 126 -0.487665
3 128 0.16265
3 130 -0.487665
3 132 -0.133025
3 133 0.223611
3 134 -0.488936
3 135 -0.487665
3 136 2.21486
3 137 -0.177918
3 138 -0.161463
3 139 2.21486
3 140 0.814889
3 141 -0.161463
3 142 -0.177918
3 143 0.16265
3 144 -0.133025
3 147 0.223611
3 148 -0.177918
3 149 0.223611
3 150 0.16265
3 151 -0.161463
3 153 2.21486
3 155 -0.136758
3 157 0.0574855
3 158 -0.133025
3 159 0.223611
3 160 -0.407268
3 161 -0.133025
3 162 2.21486
3 163 -0.488936
3 164 0.324651
3 165 -0.136758
3 166 2.21486
3 167 2.21486
3 168 0.223611
3 169 -0.488936
3 170 -0.177918
3 171 -0.177918
3 172 -0.259562
3 173 -0.259562
3 174 0.223611
3 175 2.21486
3 176 -0.161463
3 177 0.324651

4 2 0.288505
4 3 0.590609
4 4 -0.0738981
4 6 0.644964
4 7 -0.0112273
4 8 -0.0112273
4 9 0.262086
4 11 1.41179
4 12 -0.0738981
4 14 0.407543
4 16 1.5299
4 17 1.5299
4 18 0.407543
4 19 -0.0738981
4 20 0.644964
4 21 -0.0112273
4 22 1.5299
4 24 -0.0112273
4 26 0.644964
4 27 -0.0738981
4 29 1.5299
4 30 0.110526
4 31 -0.0738981
4 32 0.262086
4 33 0.590609
4 34 3.66862
4 35 1.41179
4 36 0.262086
4 38 1.41179
4 39 0.262086
4 41 0.110526
4 42 0.110526
4 43 0.288505
4 44 0.590609
4 45 -0.0738981
4 47 0.590609
4 49 0.407543
4 50 1.5299
4 52 1.41179
4 53 1.5299
4 54 1.5299
4 55 -0.0738981
4 56 -0.0738981
4 57 1.5299
4 59 3.66862
4 60 -0.0112273
4 62 0.288505
4 63 -0.0112273
4 65 0.288505
4 66 -0.0738981
4 67 0.110526
4 68 -0.0112273
4 70 -0.0738981
4 71 -0.0112273
4 72 0.110526
4 73 0.590609
4 75 -0.0112273
4 76 1.5299
4 77 -0.0112273
4 78 -0.0112273
4 79 0.644964
4 80 -0.0738981
4 81 0.110526
4 82 0.262086
4 83 0.262086
4 84 0.644964
4 85 0.262086
4 87 0.590609
4 88 1.5299
4 90 0.110526
4 92 0.262086
4 93 1.41179
4 94 1.41179
4 95 -0.0112273
4 96 -0.0112273
4 98 -0.0112273
4 99 1.5299
4 101 0.407543
4 102 -0.0112273
4 106 1.41179
4 107 0.407543
4 109 -0.0112273
4 112 0.644964
4 113 -0.0112273
4 114 0.262086
4 115 0.644964
4 117 3.66862
4 119 -0.0112273
4 120 0.590609
4 121 0.110526
4 122 -0.0112273
4 123 0.407543
4 124 1.5299
4 125 -0.0112273
4 126 -0.0112273
4 127 3.66862
4 129 3.66862
4 130 -0.0112273
4 132 0.407543
4 133 0.262086
4 135 -0.0112273
4 136 -0.0738981
4 137 1.5299
4 138 0.590609
4 139 -0.0738981
4 140 0.644964
4 141 0.590609
4 142 1.5299
4 144 0.407543
4 145 1.41179
4 147 0.262086
4 148 1.5299
4 149 0.262086
4 151 0.590609
4 152 1.41179
4 153 -0.0738981
4 154 1.41179
4 155 -0.0112273
4 156 3.66862
4 158 0.407543
4 159 0.262086
4 161 0.407543
4 162 -0.0738981
4 164 0.110526
4 165 -0.0112273
4 166 -0.0738981
4 167 -0.0738981
4 168 0.262086
4 170 1.5299
4 171 1.5299
4 174 0.262086
4 175 -0.0738981
4 176 0.590609
4 177 0.110526

5 2 -0.226068
5 3 0.719892
5 6 -0.255501
5 8 -0.25634
5 11 -0.33823
5 14 0.180132
5 16 2.24611
5 17 2.24611
5 18 0.180132
5 20 -0.255501
5 22 2.24611
5 26 -0.255501
5 29 2.24611
5 33 0.719892
5 34 0.548621
5 35 -0.33823
5 38 -0.33823
5 43 -0.226068
5 44 0.719892
5 47 0.719892
5 49 0.180132
5 50 2.24611
5 52 -0.33823
5 53 2.24611
5 54 2.24611
5 57 2.24611
5 59 0.548621
5 60 -0.25634
5 62 -0.226068
5 65 -0.226068
5 73 0.719892
5 75 -0.25634
5 76 2.24611
5 78 -0.25634
5 79 -0.255501
5 84 -0.255501
5 87 0.719892
5 88 2.24611
5 93 -0.33823
5 94 -0.33823
5 99 2.24611
5 101 0.180132
5 102 -0.25634
5 106 -0.33823
5 107 0.180132
5 109 -0.25634
5 112 -0.255501
5 115 -0.255501
5 117 0.548621
5 119 -0.25634
5 120 0.719892
5 123 0.180132
5 124 2.24611
5 126 -0.25634
5 127 0.548621
5 129 0.548621
5 130 -0.25634
5 132 0.180132
5 135 -0.25634
5 137 2.24611
5 138 0.719892
5 140 -0.255501
5 141 0.719892
5 142 2.24611
5 144 0.180132
5 145 -0.33823
5 148 2.24611
5 151 0.719892
5 152 -0.33823
5 154 -0.33823
5 156 0.548621
5 158 0.180132
5 161 0.180132
5 170 2.24611
5 171 2.24611
5 176 0.719892

6 157 3.9523

