357
2 1 1
3 1 1
3 2 1
4 1 1
4 2 1
4 3 1
5 3 1
5 4 1
6 4 1
6 5 1
7 6 1
8 6 1
8 7 1
9 7 1
10 8 1
10 9 1
11 9 1
11 10 1
12 10 1
12 11 1
13 10 1
13 12 1
14 13 1
15 14 1
16 15 1
17 14 1
17 15 1
17 16 1
18 15 1
18 16 1
18 17 1
19 14 1
19 17 1
19 18 1
20 18 1
20 19 1
21 8 1
21 20 1
22 21 1
23 22 1
24 3 1
24 23 1
25 5 1
26 25 1
27 26 1
28 26 1
28 27 1
29 26 1
29 27 1
29 28 1
30 27 1
30 28 1
30 29 1
31 27 1
31 28 1
31 29 1
31 30 1
32 28 1
32 29 1
32 30 1
32 31 1
33 31 1
33 32 1
34 32 1
34 33 1
35 29 1
35 33 1
35 34 1
36 35 1
37 35 1
37 36 1
38 29 1
38 30 1
38 35 1
38 37 1
39 38 1
40 38 1
40 39 1
41 39 1
41 40 1
42 41 1
43 41 1
43 42 1
44 40 1
44 41 1
44 42 1
44 43 1
45 42 1
45 43 1
45 44 1
46 43 1
46 44 1
46 45 1
47 27 1
47 44 1
47 45 1
47 46 1
48 27 1
48 46 1
48 47 1
49 25 1
49 27 1
49 46 1
49 47 1
49 48 1
50 25 1
50 26 1
50 49 1
51 25 1
51 50 1
52 22 1
52 23 1
52 24 1
53 20 1
53 21 1
53 22 1
54 13 1
54 14 1
54 18 1
54 19 1
56 55 1
57 55 1
57 56 1
58 55 1
58 56 1
58 57 1
59 37 1
59 55 1
59 56 1
59 57 1
59 58 1
60 57 1
60 58 1
60 59 1
61 58 1
61 59 1
61 60 1
62 41 1
62 60 1
62 61 1
63 41 1
63 62 1
64 62 1
64 63 1
65 60 1
65 61 1
65 62 1
65 63 1
65 64 1
66 64 1
66 65 1
67 61 1
67 66 1
68 61 1
68 67 1
69 66 1
69 67 1
69 68 1
70 68 1
70 69 1
71 65 1
72 63 1
73 63 1
73 64 1
73 72 1
74 72 1
74 73 1
75 41 1
75 42 1
75 74 1
76 13 1
76 34 1
76 35 1
76 36 1
77 76 1
78 77 1
79 78 1
80 78 1
80 79 1
81 78 1
81 80 1
82 81 1
83 82 1
84 82 1
84 83 1
85 82 1
85 83 1
85 84 1
86 82 1
86 85 1
87 85 1
87 86 1
88 15 1
88 86 1
88 87 1
89 13 1
89 14 1
89 15 1
89 86 1
89 87 1
89 88 1
90 15 1
90 16 1
90 89 1
91 90 1
92 70 1
93 92 1
94 70 1
94 93 1
95 94 1
96 70 1
96 94 1
96 95 1
97 69 1
97 94 1
97 96 1
98 71 1
98 97 1
99 71 1
99 72 1
99 98 1
100 18 1
100 20 1
100 71 1
100 72 1
100 98 1
100 99 1
101 18 1
101 94 1
101 98 1
101 99 1
101 100 1
102 17 1
102 18 1
102 100 1
102 101 1
103 16 1
103 94 1
103 102 1
104 16 1
104 17 1
104 102 1
104 103 1
105 103 1
105 104 1
106 105 1
107 105 1
107 106 1
108 107 1
109 93 1
109 94 1
109 95 1
109 107 1
109 108 1
110 95 1
110 109 1
111 95 1
111 109 1
111 110 1
112 110 1
112 111 1
113 95 1
113 110 1
113 111 1
113 112 1
114 110 1
114 112 1
114 113 1
115 113 1
115 114 1
116 108 1
116 110 1
116 114 1
116 115 1
117 116 1
118 108 1
118 116 1
118 117 1
119 117 1
119 118 1
120 117 1
120 118 1
120 119 1
121 120 1
122 109 1
122 110 1
122 111 1
122 120 1
122 121 1
123 92 1
123 93 1
123 108 1
123 109 1
123 111 1
123 122 1
124 92 1
124 106 1
124 108 1
124 118 1
124 123 1
125 16 1
125 91 1
125 92 1
125 106 1
125 124 1
126 86 1
126 87 1
127 78 1
127 81 1
127 82 1
127 83 1
129 56 1
129 128 1
130 55 1
130 56 1
130 57 1
130 128 1
130 129 1
131 55 1
131 57 1
131 128 1
131 129 1
131 130 1
132 36 1
132 56 1
132 59 1
132 76 1
132 77 1
132 129 1
133 10 1
133 11 1
133 13 1
133 76 1
133 80 1
133 89 1
133 132 1
134 52 1
134 53 1
134 100 1
135 25 1
135 52 1
135 134 1
136 52 1
136 53 1
136 135 1
137 136 1
138 24 1
138 52 1
138 136 1
138 137 1
139 137 1
139 138 1
140 139 1
141 139 1
141 140 1
142 141 1
143 142 1
