1 12 0.191814
1 20 1.87954
1 21 0.191814
1 22 0.191814
1 39 0.191814
1 46 0.191814
1 55 0.191814
1 60 1.87954
1 71 0.191814
1 78 1.87954
1 90 0.191814
1 94 1.87954
1 97 0.191814
1 98 1.87954
1 102 1.87954
1 114 0.191814
1 133 1.87954

2 2 0.47359
2 3 3.34189
2 7 0.324651
2 8 0.374623
2 9 3.34189
2 11 0.47359
2 12 0.407543
2 15 0.791805
2 19 0.374623
2 20 0.310701
2 21 0.407543
2 22 0.407543
2 23 0.791805
2 24 3.34189
2 26 1.14336
2 27 0.791805
2 31 3.34189
2 32 0.791805
2 33 0.47359
2 36 0.791805
2 37 0.47359
2 39 0.407543
2 42 0.324651
2 45 0.47359
2 46 0.407543
2 48 3.34189
2 49 1.14336
2 52 3.34189
2 54 0.791805
2 55 0.407543
2 56 0.324651
2 57 1.14336
2 58 1.14336
2 60 0.310701
2 61 0.4975
2 64 0.324651
2 65 0.4975
2 66 0.47359
2 67 0.324651
2 69 1.14336
2 71 0.407543
2 73 1.14336
2 74 1.14336
2 77 3.34189
2 78 0.310701
2 79 3.34189
2 82 0.47359
2 83 0.791805
2 84 0.47359
2 85 0.324651
2 86 3.34189
2 88 3.34189
2 90 0.407543
2 94 0.310701
2 95 0.773932
2 96 0.324651
2 97 0.407543
2 98 0.310701
2 101 0.374623
2 102 0.310701
2 103 1.14336
2 105 0.791805
2 106 3.34189
2 110 0.791805
2 112 1.14336
2 113 0.324651
2 114 0.407543
2 117 0.47359
2 122 3.34189
2 126 0.324651
2 127 0.47359
2 128 0.324651
2 130 0.324651
2 133 0.310701
2 134 0.791805
2 136 0.374623
2 139 3.34189
2 143 0.47359

3 2 -0.178487
3 3 0.109229
3 8 1.04447
3 9 0.109229
3 11 -0.178487
3 12 0.776777
3 15 0.0855362
3 19 1.04447
3 20 0.632629
3 21 0.776777
3 22 0.776777
3 23 0.0855362
3 24 0.109229
3 26 -0.0660892
3 27 0.0855362
3 31 0.109229
3 32 0.0855362
3 33 -0.178487
3 36 0.0855362
3 37 -0.178487
3 39 0.776777
3 45 -0.178487
3 46 0.776777
3 48 0.109229
3 49 -0.0660892
3 52 0.109229
3 54 0.0855362
3 55 0.776777
3 57 -0.0660892
3 58 -0.0660892
3 60 0.632629
3 61 2.78043
3 65 2.78043
3 66 -0.178487
3 69 -0.0660892
3 71 0.776777
3 73 -0.0660892
3 74 -0.0660892
3 75 -0.152647
3 77 0.109229
3 78 0.632629
3 79 0.109229
3 82 -0.178487
3 83 0.0855362
3 84 -0.178487
3 86 0.109229
3 88 0.109229
3 90 0.776777
3 94 0.632629
3 95 0.288505
3 97 0.776777
3 98 0.632629
3 101 1.04447
3 102 0.632629
3 103 -0.0660892
3 105 0.0855362
3 106 0.109229
3 110 0.0855362
3 112 -0.0660892
3 114 0.776777
3 117 -0.178487
3 122 0.109229
3 127 -0.178487
3 133 0.632629
3 134 0.0855362
3 136 1.04447
3 139 0.109229
3 143 -0.178487

4 2 1.97994
4 11 1.97994
4 15 0.392198
4 23 0.392198
4 27 0.392198
4 32 0.392198
4 33 1.97994
4 36 0.392198
4 37 1.97994
4 45 1.97994
4 54 0.392198
4 66 1.97994
4 82 1.97994
4 83 0.392198
4 84 1.97994
4 105 0.392198
4 110 0.392198
4 117 1.97994
4 127 1.97994
4 134 0.392198
4 143 1.97994

5 6 2.98124
5 14 2.98124
5 63 2.98124
5 72 2.98124
5 99 2.98124
5 108 2.98124
5 111 2.98124
5 115 2.98124
5 118 2.98124
5 119 2.98124
5 141 2.98124

6 12 0.191814
6 20 1.87954
6 21 0.191814
6 22 0.191814
6 39 0.191814
6 46 0.191814
6 55 0.191814
6 60 1.87954
6 71 0.191814
6 78 1.87954
6 90 0.191814
6 94 1.87954
6 97 0.191814
6 98 1.87954
6 102 1.87954
6 114 0.191814
6 133 1.87954

7 1 0.84066
7 4 2.00195
7 13 0.284229
7 28 0.475118
7 29 2.00195
7 34 0.284229
7 35 0.284229
7 38 0.284229
7 43 0.475118
7 47 2.00195
7 50 2.00195
7 59 0.475118
7 68 0.475118
7 75 1.06975
7 80 0.84066
7 93 2.00195
7 100 0.284229
7 104 0.84066
7 107 0.475118
7 109 0.284229
7 121 2.00195
7 125 2.00195
7 129 0.84066
7 135 0.284229
7 137 2.00195
7 138 2.00195

8 12 0.191814
8 20 1.87954
8 21 0.191814
8 22 0.191814
8 39 0.191814
8 46 0.191814
8 55 0.191814
8 60 1.87954
8 71 0.191814
8 78 1.87954
8 90 0.191814
8 94 1.87954
8 97 0.191814
8 98 1.87954
8 102 1.87954
8 114 0.191814
8 133 1.87954

9 2 0.53772
9 3 0.787301
9 6 0.40381
9 7 0.110526
9 8 1.27274
9 9 0.787301
9 10 0.511064
9 11 0.53772
9 12 3.1535
9 14 0.40381
9 15 0.791805
9 16 -0.00450139
9 17 0.511064
9 19 1.27274
9 20 1.94297
9 21 3.1535
9 22 3.1535
9 23 0.791805
9 24 0.787301
9 25 0.511064
9 26 0.518873
9 27 0.791805
9 30 -0.00450139
9 31 0.787301
9 32 0.791805
9 33 0.53772
9 36 0.791805
9 37 0.53772
9 39 3.1535
9 41 -0.00450139
9 42 0.110526
9 44 0.511064
9 45 0.53772
9 46 3.1535
9 48 0.787301
9 49 0.518873
9 52 0.787301
9 53 -0.00450139
9 54 0.791805
9 55 3.1535
9 56 0.110526
9 57 0.518873
9 58 0.518873
9 60 1.94297
9 61 1.54481
9 62 0.511064
9 63 0.40381
9 64 0.110526
9 65 1.54481
9 66 0.53772
9 67 0.110526
9 69 0.518873
9 70 -0.00450139
9 71 3.1535
9 72 0.40381
9 73 0.518873
9 74 0.518873
9 75 0.209923
9 77 0.787301
9 78 1.94297
9 79 0.787301
9 81 0.511064
9 82 0.53772
9 83 0.791805
9 84 0.53772
9 85 0.110526
9 86 0.787301
9 87 -0.00450139
9 88 0.787301
9 89 -0.00450139
9 90 3.1535
9 91 -0.00450139
9 92 -0.00450139
9 94 1.94297
9 95 0.551539
9 96 0.110526
9 97 3.1535
9 98 1.94297
9 99 0.40381
9 101 1.27274
9 102 1.94297
9 103 0.518873
9 105 0.791805
9 106 0.787301
9 108 0.40381
9 110 0.791805
9 111 0.40381
9 112 0.518873
9 113 0.110526
9 114 3.1535
9 115 0.40381
9 117 0.53772
9 118 0.40381
9 119 0.40381
9 120 0.511064
9 122 0.787301
9 123 -0.00450139
9 126 0.110526
9 127 0.53772
9 128 0.110526
9 130 0.110526
9 131 -0.00450139
9 132 -0.00450139
9 133 1.94297
9 134 0.791805
9 136 1.27274
9 139 0.787301
9 140 0.511064
9 141 0.40381
9 142 0.511064
9 143 0.53772

10 1 0.236588
10 4 0.666343
10 28 0.013787
10 29 0.666343
10 43 0.013787
10 47 0.666343
10 50 0.666343
10 59 0.013787
10 68 0.013787
10 75 2.36193
10 80 0.236588
10 93 0.666343
10 104 0.236588
10 107 0.013787
10 121 0.666343
10 125 0.666343
10 129 0.236588
10 137 0.666343
10 138 0.666343

